,p-value,replies,views,times,followers,lengths,depth,sizes,punctuation,emojis,irony,offensive
p-value,1.0,0.9328134977317852,0.4386101796833854,-0.03720073094571992,0.25120845586583385,0.16751751583222207,-0.026885592062006764,0.2774686103651872,-0.015225214472618953,0.0257213975517874,0.0020331776141447938,0.00911724812092877
replies,0.9328134977317852,1.0,0.5953062488862634,-0.041281724672399836,0.3691998342195091,0.16483278004224378,-0.02230451175242908,0.3892413604326061,0.01031550847951049,0.017892871953667774,0.001789278600688158,0.013482735860775422
views,0.4386101796833854,0.5953062488862634,1.0,-0.0257314011347652,0.4914237523937057,0.10791100844845962,-0.014943874557671877,0.2803407572702026,0.09565380450718444,0.010163225653477706,-0.002074540967045449,0.016718145975207495
times,-0.03720073094571992,-0.041281724672399836,-0.0257314011347652,1.0,-0.022597287449550103,-0.059207459369041246,0.2045323228763618,0.037719900317301144,0.09216919249834278,0.03040627278902551,0.014721288536137559,-0.05424753414906613
followers,0.25120845586583385,0.3691998342195091,0.4914237523937057,-0.022597287449550103,1.0,-0.04629239825434376,-0.06759660201426818,0.20100230726543342,0.053272706675233227,0.011889679900443156,-0.0028493483703989106,0.006870011053107647
lengths,0.16751751583222207,0.16483278004224378,0.10791100844845962,-0.059207459369041246,-0.04629239825434376,1.0,-0.10975817715492296,0.09408899408696905,-0.12758567686720615,0.035658483626719854,0.008933778925109612,0.018825887815025942
depth,-0.026885592062006764,-0.02230451175242908,-0.014943874557671877,0.2045323228763618,-0.06759660201426818,-0.10975817715492296,1.0,0.013598394588131201,0.15518675482975952,0.0830906124399379,-0.0008279371178101286,-0.012487270374763514
sizes,0.2774686103651872,0.3892413604326061,0.2803407572702026,0.037719900317301144,0.20100230726543342,0.09408899408696905,0.013598394588131201,1.0,0.03041717042074982,-0.002347290342676659,-4.1465721036575136e-05,0.0032217329193901753
punctuation,-0.015225214472618953,0.01031550847951049,0.09565380450718444,0.09216919249834278,0.053272706675233227,-0.12758567686720615,0.15518675482975952,0.03041717042074982,1.0,0.006915972073625,-0.0031250062920971516,-0.0052438089894959496
emojis,0.0257213975517874,0.017892871953667774,0.010163225653477706,0.03040627278902551,0.011889679900443156,0.035658483626719854,0.0830906124399379,-0.002347290342676659,0.006915972073625,1.0,0.006193427485838707,-0.0032440877954593547
irony,0.0020331776141447938,0.001789278600688158,-0.002074540967045449,0.014721288536137559,-0.0028493483703989106,0.008933778925109612,-0.0008279371178101286,-4.1465721036575136e-05,-0.0031250062920971516,0.006193427485838707,1.0,0.3132662833080655
offensive,0.00911724812092877,0.013482735860775422,0.016718145975207495,-0.05424753414906613,0.006870011053107647,0.018825887815025942,-0.012487270374763514,0.0032217329193901753,-0.0052438089894959496,-0.0032440877954593547,0.3132662833080655,1.0
